[[13.943058 ]
 [ 8.591257 ]
 [24.11815  ]
 [18.140131 ]
 [25.128931 ]
 [ 6.729089 ]
 [20.673311 ]
 [ 7.30863  ]
 [ 7.962696 ]
 [13.175859 ]
 [ 9.958583 ]
 [25.650724 ]
 [25.24068  ]
 [ 8.134734 ]
 [10.439213 ]
 [13.798592 ]
 [13.09664  ]
 [19.211315 ]
 [10.983852 ]
 [ 5.9286466]
 [12.755808 ]
 [14.2411785]
 [13.405476 ]
 [15.136837 ]
 [ 8.283354 ]
 [29.18728  ]
 [ 9.819679 ]
 [13.632898 ]
 [17.933321 ]
 [20.016653 ]
 [14.3968525]
 [19.867361 ]
 [15.015282 ]
 [ 7.263155 ]
 [18.644585 ]
 [26.102196 ]
 [ 7.3530664]
 [12.64743  ]
 [ 7.2873793]
 [15.1669445]
 [19.948343 ]
 [13.991028 ]
 [19.142063 ]
 [ 9.886233 ]
 [18.597439 ]
 [14.084385 ]
 [ 7.306027 ]
 [25.255554 ]
 [15.245779 ]
 [ 7.1829386]
 [ 6.862973 ]
 [23.40314  ]
 [10.03437  ]
 [25.047573 ]
 [19.003363 ]
 [13.171467 ]
 [20.202673 ]
 [13.775841 ]
 [11.30336  ]
 [15.243942 ]
 [19.059319 ]
 [13.260368 ]
 [ 6.896805 ]
 [17.443373 ]
 [ 8.683154 ]
 [12.3052025]
 [18.446154 ]
 [19.66112  ]
 [26.039406 ]
 [21.187412 ]
 [ 7.683668 ]
 [25.137432 ]
 [16.917864 ]
 [13.118425 ]
 [ 6.0960484]
 [12.357161 ]
 [25.212173 ]
 [17.212227 ]
 [18.7264   ]
 [17.778183 ]
 [18.473671 ]
 [ 6.872509 ]
 [ 8.28872  ]
 [10.221634 ]
 [27.997292 ]
 [10.960625 ]
 [10.674889 ]
 [15.272203 ]
 [ 7.511934 ]
 [14.215441 ]
 [25.959538 ]
 [24.199295 ]
 [23.291521 ]
 [ 6.183403 ]
 [ 8.118357 ]
 [13.395357 ]
 [11.321038 ]
 [17.73369  ]
 [ 8.742984 ]
 [21.574888 ]
 [13.442459 ]
 [25.279707 ]
 [12.3714485]
 [ 7.910916 ]
 [15.278023 ]
 [25.294018 ]
 [18.461647 ]
 [20.311275 ]
 [20.904842 ]
 [ 7.70494  ]
 [ 9.551552 ]
 [17.950771 ]
 [13.987202 ]
 [25.330421 ]
 [15.775141 ]
 [12.721418 ]
 [13.887224 ]
 [19.293272 ]
 [ 6.886791 ]
 [ 8.194227 ]
 [26.39784  ]
 [13.851297 ]
 [15.440731 ]
 [20.584866 ]
 [14.26778  ]
 [14.450676 ]
 [24.598387 ]
 [ 6.250063 ]
 [17.796587 ]
 [ 7.8191485]
 [20.469835 ]
 [14.882977 ]
 [15.001022 ]
 [ 6.8482895]
 [26.283178 ]
 [ 9.101868 ]
 [25.889978 ]
 [ 6.8579855]
 [ 9.307421 ]
 [ 7.3716335]
 [13.973576 ]
 [10.367701 ]
 [ 8.41833  ]
 [ 7.162071 ]
 [ 7.1050262]
 [24.52756  ]
 [ 6.7896376]
 [13.415926 ]
 [ 6.9342246]
 [ 8.899406 ]
 [ 6.325347 ]
 [ 7.6241503]
 [ 8.466382 ]
 [24.865788 ]
 [25.700245 ]
 [25.114786 ]
 [25.215445 ]
 [26.253578 ]
 [18.29162  ]
 [19.462759 ]
 [17.3971   ]
 [13.105055 ]
 [10.634834 ]
 [14.886944 ]
 [21.942123 ]
 [26.545057 ]
 [26.281404 ]
 [24.525513 ]
 [13.177481 ]
 [17.6932   ]
 [19.395641 ]
 [13.913982 ]
 [18.468225 ]
 [14.757717 ]
 [24.45217  ]
 [15.348347 ]
 [14.228853 ]
 [ 8.040905 ]
 [ 7.498184 ]
 [ 7.492645 ]
 [25.78708  ]
 [14.805504 ]
 [13.926504 ]
 [16.555971 ]
 [29.325653 ]
 [25.931002 ]
 [17.882534 ]
 [25.538229 ]
 [14.802015 ]
 [13.257887 ]
 [ 8.527363 ]
 [26.732582 ]
 [17.951649 ]
 [14.280481 ]
 [24.760023 ]
 [25.856445 ]
 [10.197222 ]
 [25.294077 ]
 [17.849236 ]
 [25.502035 ]
 [16.325579 ]
 [17.191711 ]
 [17.813692 ]
 [20.483957 ]
 [18.14663  ]
 [ 9.658876 ]
 [ 5.2796526]
 [ 9.829994 ]
 [24.92412  ]
 [19.332808 ]
 [ 8.45409  ]
 [25.683807 ]
 [ 6.361908 ]
 [ 7.9343987]
 [13.1527195]
 [ 6.0421524]
 [13.387981 ]
 [13.765741 ]
 [26.042364 ]
 [ 8.346438 ]
 [10.046764 ]
 [17.912107 ]
 [14.102053 ]
 [17.87481  ]
 [26.40728  ]
 [26.668352 ]
 [28.359741 ]
 [18.533115 ]
 [17.617382 ]
 [11.954525 ]
 [ 7.953758 ]
 [17.246836 ]
 [25.481527 ]
 [24.875927 ]
 [27.853252 ]
 [18.796438 ]
 [28.514305 ]
 [27.582352 ]
 [ 8.077572 ]
 [21.429014 ]
 [15.324066 ]
 [ 7.143407 ]
 [ 8.168677 ]
 [ 6.9094863]
 [15.74074  ]
 [11.482498 ]
 [10.504999 ]
 [13.215916 ]
 [27.218508 ]
 [26.393248 ]
 [25.051163 ]
 [26.889894 ]
 [17.945242 ]
 [13.023098 ]
 [24.385998 ]
 [10.499117 ]
 [19.26129  ]
 [15.051561 ]
 [25.966015 ]
 [24.79962  ]
 [ 5.6710334]
 [18.06777  ]
 [25.288649 ]
 [ 9.237816 ]
 [26.128283 ]
 [ 6.78154  ]
 [16.917114 ]
 [26.80821  ]
 [15.115168 ]
 [17.256199 ]
 [13.739231 ]
 [12.716164 ]
 [ 9.199486 ]
 [ 8.116632 ]
 [27.435099 ]
 [ 8.221977 ]
 [25.199738 ]
 [12.941462 ]
 [13.680548 ]
 [14.444803 ]
 [20.059504 ]]