[[13.973812 ]
 [ 8.880435 ]
 [23.832815 ]
 [18.372484 ]
 [24.808266 ]
 [ 7.0580697]
 [20.36759  ]
 [ 7.414845 ]
 [ 8.139609 ]
 [13.036559 ]
 [ 9.355779 ]
 [25.106121 ]
 [24.733862 ]
 [ 8.247069 ]
 [10.414098 ]
 [13.460129 ]
 [13.2120905]
 [19.365515 ]
 [10.615639 ]
 [ 6.389461 ]
 [12.923398 ]
 [14.052885 ]
 [13.024013 ]
 [14.974526 ]
 [ 8.450982 ]
 [27.787725 ]
 [ 9.987182 ]
 [13.239459 ]
 [17.98285  ]
 [20.32368  ]
 [14.212832 ]
 [19.401814 ]
 [15.822442 ]
 [ 7.0670485]
 [18.385841 ]
 [25.893219 ]
 [ 7.5029273]
 [12.230185 ]
 [ 7.822782 ]
 [14.915057 ]
 [19.98173  ]
 [13.708602 ]
 [18.923992 ]
 [ 9.821153 ]
 [18.854593 ]
 [13.970323 ]
 [ 7.0926743]
 [24.843262 ]
 [14.855799 ]
 [ 7.0335236]
 [ 6.5621614]
 [22.667309 ]
 [10.091011 ]
 [24.552446 ]
 [19.233143 ]
 [12.545785 ]
 [20.023193 ]
 [13.672364 ]
 [11.460583 ]
 [15.002801 ]
 [19.09152  ]
 [13.128428 ]
 [ 7.0078316]
 [17.606352 ]
 [ 9.000161 ]
 [12.160469 ]
 [18.57267  ]
 [19.382124 ]
 [25.61708  ]
 [20.93052  ]
 [ 7.7357283]
 [25.062428 ]
 [16.96992  ]
 [12.619323 ]
 [ 6.101564 ]
 [12.0462   ]
 [24.841253 ]
 [17.221376 ]
 [19.261658 ]
 [17.67536  ]
 [18.175797 ]
 [ 7.188552 ]
 [ 8.106514 ]
 [11.634074 ]*
 [27.676067 ]
 [10.830235 ]
 [10.385368 ]
 [15.278288 ]
 [ 7.4611154]
 [14.10451  ]
 [26.055399 ]
 [23.450891 ]
 [22.554161 ]
 [ 6.416113 ]
 [ 8.217086 ]
 [12.609999 ]
 [10.689642 ]
 [17.794739 ]
 [ 8.926412 ]
 [21.21282  ]
 [12.724001 ]
 [24.8682   ]
 [11.788169 ]
 [ 8.122925 ]
 [15.307053 ]
 [24.607311 ]
 [18.135996 ]
 [19.564064 ]
 [20.75275  ]
 [ 7.879496 ]
 [ 9.526529 ]
 [18.196646 ]
 [13.934175 ]
 [24.685379 ]
 [16.092407 ]
 [12.215239 ]
 [13.61654  ]
 [18.986284 ]
 [ 6.9848127]
 [ 8.650349 ]
 [26.34426  ]
 [13.580778 ]
 [15.287001 ]
 [20.236294 ]
 [13.9755745]
 [14.15658  ]
 [24.391218 ]
 [ 6.360721 ]
 [17.520689 ]
 [ 7.967955 ]
 [20.154245 ]
 [15.151705 ]
 [14.72273  ]
 [ 6.9284387]
 [25.716175 ]
 [ 9.345804 ]
 [25.543474 ]
 [ 7.4303355]
 [ 9.545287 ]
 [ 7.577093 ]
 [13.944801 ]
 [10.119189 ]
 [ 8.63261  ]
 [ 7.3519034]
 [ 7.0367894]
 [23.674208 ]
 [ 7.161222 ]
 [12.837199 ]
 [ 7.097844 ]
 [ 9.383937 ]
 [ 7.056921 ]
 [ 9.171714 ]
 [ 8.701812 ]
 [24.637587 ]
 [25.338644 ]
 [24.505386 ]
 [24.667177 ]
 [25.797218 ]
 [19.724495 ]
 [19.298103 ]
 [16.895687 ]
 [12.792412 ]
 [ 9.854989 ]
 [14.780123 ]
 [21.376781 ]
 [26.155724 ]
 [25.905382 ]
 [24.687016 ]
 [12.947048 ]
 [17.747086 ]
 [19.109838 ]
 [13.63528  ]
 [18.628542 ]
 [14.804695 ]
 [24.136625 ]
 [14.763818 ]
 [14.061336 ]
 [ 8.034644 ]
 [ 7.561076 ]
 [ 7.693585 ]
 [25.654537 ]
 [14.891114 ]
 [13.707861 ]
 [16.745203 ]
 [28.310682 ]
 [25.663929 ]
 [18.828798 ]
 [25.06044  ]
 [14.910797 ]
 [12.489781 ]
 [ 8.497213 ]
 [25.816784 ]
 [17.990639 ]
 [14.015774 ]
 [24.108612 ]
 [25.54132  ]
 [10.395222 ]
 [24.738304 ]
 [18.083464 ]
 [25.6031   ]
 [16.342482 ]
 [17.141369 ]
 [17.720388 ]
 [20.038946 ]
 [18.17184  ]
 [ 9.80442  ]
 [ 4.73475  ]
 [ 9.90519  ]
 [24.27349  ]
 [19.469938 ]
 [ 8.660753 ]
 [25.604252 ]
 [ 6.023036 ]
 [ 8.292439 ]
 [12.974154 ]
 [ 6.5219483]
 [12.999807 ]
 [13.748902 ]
 [24.814451 ]
 [ 8.61437  ]
 [10.041152 ]
 [17.805496 ]
 [13.882892 ]
 [18.287561 ]
 [26.160831 ]
 [26.255505 ]
 [27.678648 ]
 [18.64592  ]
 [17.686754 ]
 [12.080971 ]
 [ 7.6299934]
 [17.051958 ]
 [24.26538  ]
 [24.788425 ]
 [27.017864 ]
 [18.82631  ]
 [27.871681 ]
 [26.62428  ]
 [ 8.265894 ]
 [20.849724 ]
 [15.046802 ]
 [ 8.215994 ]
 [ 8.0602665]
 [ 6.7244782]
 [15.757517 ]
 [11.26354  ]
 [10.11493  ]
 [13.239579 ]
 [26.945248 ]
 [26.48068  ]
 [24.782543 ]
 [26.852749 ]
 [17.962505 ]
 [12.747126 ]
 [23.678555 ]
 [10.20957  ]
 [18.90974  ]
 [15.224026 ]
 [25.57362  ]
 [24.502028 ]
 [ 5.7242017]
 [18.098696 ]
 [24.219439 ]
 [ 9.144411 ]
 [25.987507 ]
 [ 6.5652733]
 [16.60788  ]
 [26.312265 ]
 [14.831704 ]
 [17.282236 ]
 [13.553557 ]
 [12.629581 ]
 [ 9.491172 ]
 [ 8.117742 ]
 [27.203136 ]
 [ 8.250717 ]
 [24.84881  ]
 [12.572479 ]
 [13.186341 ]
 [14.220963 ]
 [19.62102  ]]