[[14.202589 ]
 [ 8.424102 ]
 [23.929295 ]
 [17.854498 ]
 [24.457735 ]
 [ 6.73505  ]
 [20.015469 ]
 [ 7.670106 ]
 [ 8.176791 ]
 [13.150505 ]
 [ 9.805707 ]
 [24.874294 ]
 [24.596025 ]
 [ 8.223715 ]
 [10.8698015]
 [13.802231 ]
 [13.135602 ]
 [19.561592 ]
 [10.607532 ]
 [ 5.6897736]
 [13.404927 ]
 [14.162479 ]
 [12.837891 ]
 [14.806045 ]
 [ 8.367442 ]
 [27.543331 ]
 [10.235129 ]
 [13.483266 ]
 [17.673975 ]
 [19.381441 ]
 [14.27282  ]
 [19.720415 ]
 [15.004522 ]
 [ 7.2803516]
 [18.041601 ]
 [25.557943 ]
 [ 7.9222674]
 [12.599971 ]
 [ 7.3163037]
 [14.843417 ]
 [19.820108 ]
 [13.83338  ]
 [18.510113 ]
 [ 9.419246 ]
 [18.305725 ]
 [13.835899 ]
 [ 7.9044776]
 [24.71676  ]
 [14.554129 ]
 [ 7.0604057]
 [ 6.963663 ]
 [22.748217 ]
 [ 9.424777 ]
 [24.479773 ]
 [18.764456 ]
 [12.955752 ]
 [19.785404 ]
 [13.744846 ]
 [11.1483345]
 [15.086454 ]
 [18.598423 ]
 [12.866963 ]
 [ 6.913282 ]
 [16.817272 ]
 [ 8.322064 ]
 [11.98128  ]
 [18.167944 ]
 [19.105515 ]
 [25.387281 ]
 [20.02471  ]
 [ 8.077336 ]
 [24.668425 ]
 [17.039204 ]
 [12.999863 ]
 [ 6.3897157]
 [12.192602 ]
 [24.63629  ]
 [16.979553 ]
 [18.678854 ]
 [17.880594 ]
 [18.457174 ]
 [ 7.016631 ]
 [ 8.651284 ]
 [ 9.886853 ]*
 [27.163336 ]
 [11.166824 ]
 [10.5679655]
 [14.751708 ]
 [ 7.305861 ]
 [14.112085 ]
 [25.111712 ]
 [23.343576 ]
 [22.576895 ]
 [ 5.9909086]
 [ 8.659252 ]
 [13.110454 ]
 [10.663477 ]
 [17.199516 ]
 [ 8.40723  ]
 [21.278717 ]
 [13.371872 ]
 [24.685974 ]
 [12.139744 ]
 [ 8.239378 ]
 [14.883172 ]
 [24.611574 ]
 [18.425812 ]
 [18.897528 ]
 [20.658451 ]
 [ 7.4379244]
 [ 9.800613 ]
 [17.80626  ]
 [14.015637 ]
 [24.660692 ]
 [15.478634 ]
 [12.416093 ]
 [13.522823 ]
 [18.914255 ]
 [ 6.943781 ]
 [ 8.385824 ]
 [25.62667  ]
 [13.650206 ]
 [15.0185585]
 [19.611664 ]
 [14.157471 ]
 [14.12949  ]
 [24.24895  ]
 [ 6.2461076]
 [17.493229 ]
 [ 8.080544 ]
 [20.259077 ]
 [15.092472 ]
 [14.672403 ]
 [ 7.141623 ]
 [25.5974   ]
 [ 9.385078 ]
 [25.157415 ]
 [ 6.6905074]
 [ 9.434668 ]
 [ 7.676921 ]
 [13.9755335]
 [10.706934 ]
 [ 8.491296 ]
 [ 7.2672677]
 [ 7.2696385]
 [23.946085 ]
 [ 6.5573964]
 [12.958785 ]
 [ 6.587492 ]
 [ 8.811188 ]
 [ 6.5817585]
 [ 7.527634 ]
 [ 8.795914 ]
 [24.294714 ]
 [25.025877 ]
 [24.342691 ]
 [24.679811 ]
 [25.750103 ]
 [17.750664 ]
 [18.936462 ]
 [16.731796 ]
 [12.958671 ]
 [10.134314 ]
 [14.855926 ]
 [21.063671 ]
 [25.909107 ]
 [25.528858 ]
 [23.89977  ]
 [13.205381 ]
 [17.560484 ]
 [18.832134 ]
 [13.877434 ]
 [18.01196  ]
 [14.777171 ]
 [24.22876  ]
 [15.16263  ]
 [15.09737  ]
 [ 8.019678 ]
 [ 7.6055827]
 [ 7.624592 ]
 [25.340206 ]
 [14.613753 ]
 [13.779208 ]
 [16.432388 ]
 [26.99264  ]
 [25.308012 ]
 [17.610117 ]
 [24.799757 ]
 [15.045616 ]
 [13.120814 ]
 [ 8.207313 ]
 [25.802948 ]
 [17.857962 ]
 [13.843347 ]
 [24.358007 ]
 [25.119522 ]
 [10.15111  ]
 [24.831686 ]
 [16.827295 ]
 [25.013401 ]
 [16.045889 ]
 [16.975275 ]
 [17.34447  ]
 [19.81848  ]
 [18.098385 ]
 [ 9.707313 ]
 [ 5.7995534]
 [ 9.376659 ]
 [24.219643 ]
 [18.063345 ]
 [ 8.392497 ]
 [25.337454 ]
 [ 6.376043 ]
 [ 8.28291  ]
 [13.211068 ]
 [ 6.560824 ]
 [13.251407 ]
 [13.735725 ]
 [24.935223 ]
 [ 7.988759 ]
 [ 9.943586 ]
 [17.860903 ]
 [13.902553 ]
 [16.765347 ]
 [25.892292 ]
 [25.900894 ]
 [26.68315  ]
 [18.174627 ]
 [17.432262 ]
 [12.259932 ]
 [ 7.636132 ]
 [16.560404 ]
 [24.229763 ]
 [24.62594  ]
 [27.010788 ]
 [18.600843 ]
 [27.660648 ]
 [25.68866  ]
 [ 8.468208 ]
 [20.947556 ]
 [14.978303 ]
 [ 7.683034 ]
 [ 7.925262 ]
 [ 6.4631805]
 [15.441863 ]
 [10.651256 ]
 [10.094662 ]
 [13.319865 ]
 [26.564028 ]
 [25.661465 ]
 [24.453068 ]
 [26.186726 ]
 [17.71003  ]
 [13.082481 ]
 [23.67078  ]
 [10.24646  ]
 [18.761988 ]
 [14.8999815]
 [25.365711 ]
 [24.295134 ]
 [ 5.300909 ]
 [17.626308 ]
 [24.227226 ]
 [ 8.996952 ]
 [25.338903 ]
 [ 6.872398 ]
 [16.087622 ]
 [25.921793 ]
 [14.84555  ]
 [16.66285  ]
 [13.654108 ]
 [12.624583 ]
 [ 9.311384 ]
 [ 7.6470284]
 [26.53482  ]
 [ 8.096716 ]
 [24.56679  ]
 [12.94847  ]
 [13.056819 ]
 [14.241193 ]
 [19.45577  ]]